0 46 0
1 22 0
2 8 0
3 38 0
4 28 0
5 13 1
6 74 3
7 89 3
8 15 0
9 68 23
10 54 3
11 35 0
12 13 0
13 23 0
14 52 0
15 31 0
16 21 0
17 15 0
18 6 0
19 1 2
20 41 0
21 36 0
22 29 13
23 6 0
24 7 0
25 17 0
26 8 2
27 29 0
28 2 1
29 2 38
30 9 0
31 18 0
32 20 2
33 7 0
34 7 0
35 3 0
36 9 0
37 9 0
38 3 0
39 4 0
40 17 1
41 4 0
42 3 0
43 12 0
44 7 2
45 8 0
46 5 0
47 3 0
48 6 0
49 3 0
50 5 12
51 7 0
52 3 0
53 4 1
54 4 0
55 1 69
56 2 1
57 4 1
58 5 0
59 4 0
60 2 2
61 1 2
62 0 8
63 0 3
64 0 4
65 0 10
66 0 16
67 0 3
68 0 45
69 0 4
70 0 12
71 0 8
72 0 19
73 0 3
74 0 4
75 0 5
76 0 3
77 0 3
78 0 3
79 0 3
80 0 4
81 0 3
82 0 4
83 0 3
84 0 3
