1 31.2754225151
2 23.8116132887
3 8.8244586689
4 15.6377636341
5 35.3483146165
6 21.0770517824
7 14.2569537427
8 10.1900669159
9 4.07384450567
10 14.9488383448
11 27.9291059162
12 24.5020580545
13 4.07163020523
14 4.75093934456
15 11.5407995564
16 19.7292802205
17 5.42675791757
18 6.10897396778
19 12.2286061964
20 4.75103783729
21 4.75271165023
22 2.03550607196
23 6.10655199703
24 6.10800195424
25 2.03401230661
26 2.71462499994
27 25.8064454494
28 2.71329985649
29 2.03617913708
30 8.14664488123
31 5.42820788358
32 3.39287295695
33 2.03366604172
34 4.070834386
35 2.03426135616
36 19.0112741467
37 4.75031318967
38 2.03512133244
39 2.71379287759
40 3.39083623036
41 2.71370251779
42 10.1888069912
43 -97.1537141039
44 -10.573400287
45 -3.96616407313
46 -5.2871959306
47 -13.2131894557
48 -21.1415000002
49 -3.96599628449
50 -59.5177328803
51 -5.28589605821
52 -15.8642106916
53 -10.5725949644
54 -25.1202149831
55 -3.96427767688
56 -5.28794811266
57 -6.60660548114
58 -3.96454998566
59 -3.96497693159
60 -3.9667270527
61 -3.9670158748
62 -5.28677631627
63 -3.9665879233
64 -5.28559646548
65 -3.96599628439
66 -3.9670666766
